Recent-1 The query set used by Li and Croft (2003), named recent-1 in this work:
• TREC-7, 8 test set: 346, 400, 301, 356, 311, 337, 389, 307, 326, 329, 316, 376, 357, 387, 320, 347;
• TREC-7, 8 training set: 302, 304, 306, 319, 321, 330, 333, 334, 340, 345, 351, 352, 355, 370, 378, 382, 385, 391, 395, 396.
Recent-2 The query set used by Efron and Golovchinsky (Efron and Golovchinsky 2011), named recent-2 in this work:
• TREC-2: 104, 116, 117, 122, 132, 133, 137, 139, 140, 148, 154, 164, 174, 175, 188, 192, 195, 196, 199, 200;
• TREC-6, training set: 06, 307, 311, 316, 319, 320, 321, 324, 326, 329, 331, 334, 337, 339, 340, 345, 346;
• TREC-7/TREC-8, test set: 351, 352, 357, 373, 376, 378, 387, 389, 391, 401, 404, 409, 410, 414, 416, 421, 428, 434, 437, 443, 445, 446, 449, 450.
Temporal The query set used by Dakka et al. (Dakka et al. 2012), named temporal-t in this work:
• TREC-6, training set: 301, 302, 306, 307, 311, 313, 315, 316, 318, 319, 320, 321, 322, 323, 324, 326, 329, 330, 331, 332, 333, 334, 337, 340, 341, 343, 345, 346, 347, 349, 350;
• TREC-7, test set: 352, 354, 357, 358, 359, 360, 366, 368, 372, 374, 375, 376, 378, 383, 385, 388, 389, 390, 391, 392, 393, 395, 398, 399, 400;
• TREC-8, test set: 401, 402, 404, 407, 408, 409, 410, 411, 412, 418, 420, 421, 422, 424, 425, 427, 428, 431, 432, 434, 435, 436, 437, 438, 439, 442, 443, 446, 448, 450.
Manually selected queries with an underlying temporal information need for TREC- Blog, named temporal-b in this work:
• Blog06: 947, 943, 938, 937, 936, 933, 928, 925, 924, 923, 920, 919, 918, 917, 915, 914, 913, 907, 906, 905, 904, 903, 899, 897, 896, 895, 892, 891, 890, 888, 887, 886, 882, 881, 879, 875, 874, 871, 870, 869, 867, 865, 864, 862, 861, 860, 859, 858, 857, 856, 855, 854, 853, 851, 1050, 1043, 1040, 1034, 1032, 1030, 1029, 1028, 1026, 1024, 1021, 1020, 1019, 1017, 1016, 1015, 1014, 1012, 1011, 1009.
